output interpolation.tif
NCOLS 646
NROWS 694
XLLCORNER 694515.75
YLLCORNER 9191512.1
DX 10.012262
DY 10.002678
NODATA_VALUE -9999
[rows 189 to 215 of 694, columns 360 to 419 of 646]
1649.4417 1640.3585 1631.2447 1621.6547 1612.0647 1602.4747 1592.8847 1583.2947 1573.7047 1563.8803 1552.6654 1541.3772 1529.7126 1518.0479 1506.3833 1498.6202 1507.0157 1515.4266 1523.8375 1532.2483 1540.6592 1549.2422 1558.3844 1567.5266 1576.6688 1585.8467 1594.9947 1603.8256 1612.6564 1621.4873 1630.3182 1639.149 1647.9799 1656.8108 1665.6416 1674.4725 1683.3034 1692.1342 1700.9651 1709.7959 1718.6268 1728.1337 1738.9644 1749.7952 1758.373 1779.8681 1789.6823 1799.4966 1812.2837 1825.5129 1838.7421 1851.9758 1862.946 1872.8697 1882.7934 1892.717 1902.6407 1912.5644 1922.488 1932.4117
1639.4015 1630.3184 1621.2353 1612.1521 1603.069 1593.7021 1584.1121 1574.5221 1564.9321 1555.4996 1544.0503 1532.3857 1520.7211 1509.0565 1497.4173 1487.407 1495.7931 1504.2156 1512.6382 1521.0607 1529.4832 1537.7144 1546.3789 1555.2097 1564.0406 1572.8714 1581.7023 1590.5332 1599.364 1608.1949 1617.0258 1625.8566 1634.6875 1643.5184 1652.3492 1661.1801 1670.011 1678.8418 1687.6727 1696.5035 1706.4362 1717.2669 1726.8682 1735.4815 1750.9866 1778.4055 1788.2197 1798.0339 1807.8482 1817.6624 1827.6904 1840.9195 1854.1487 1867.3825 1877.4553 1887.379 1897.3027 1907.2263 1917.15 1927.0737
1629.3762 1620.2783 1611.1951 1602.112 1593.0288 1583.9457 1574.8625 1565.7495 1556.1595 1546.5393 1534.8972 1523.2551 1511.613 1500.1496 1488.7053 1478.7128 1484.5028 1492.9253 1501.3479 1509.8591 1518.3782 1526.9035 1533.0865 1541.9173 1550.7482 1559.579 1568.4099 1577.2408 1586.0716 1594.9025 1603.7334 1612.5642 1621.3951 1630.226 1639.0568 1647.8877 1656.7185 1665.5494 1674.3803 1684.7387 1695.5695 1703.9767 1712.5901 1721.2034 1747.2615 1771.5876 1782.4045 1796.5713 1806.3855 1816.1998 1826.014 1835.8282 1845.6425 1856.3261 1869.5553 1882.041 1891.9647 1901.8883 1911.812 1921.7357
1619.7662 1610.3792 1601.155 1592.0719 1582.9887 1573.9056 1564.8224 1555.7393 1546.6561 1538.5236 1527.1585 1515.4962 1503.834 1492.1718 1480.5095 1470.058 1473.2342 1481.7533 1490.2724 1498.7915 1507.3106 1515.8361 1522.385 1528.6249 1537.4558 1546.2866 1555.1175 1563.9484 1572.7792 1581.6101 1590.441 1599.2718 1608.1027 1616.9336 1625.7644 1634.5953 1643.4261 1652.257 1663.0412 1672.4719 1681.0853 1689.6986 1698.3119 1706.9252 1742.6819 1761.2824 1764.6451 1768.0078 1777.805 1793.3252 1808.8455 1824.3657 1839.8859 1853.9941 1863.8083 1873.6226 1884.9619 1896.5503 1906.474 1914.7417
1610.1562 1600.7693 1591.3823 1582.0318 1572.9486 1563.8655 1554.7823 1545.6992 1537.0314 1530.0489 1518.4342 1506.8138 1495.1934 1483.573 1472.287 1461.4205 1462.1007 1470.6402 1479.1797 1487.7192 1496.243 1504.7686 1511.5847 1517.8559 1524.1634 1532.9942 1541.8251 1550.656 1559.4868 1568.3177 1577.1486 1585.9794 1594.8103 1603.6412 1612.472 1621.3029 1630.513 1641.3437 1649.5805 1658.1938 1666.8071 1675.4204 1684.0338 1700.7829 1730.765 1760.2945 1756.7472 1757.7026 1761.0653 1764.4279 1773.2055 1788.7257 1804.246 1819.7662 1835.2864 1850.8066 1866.3269 1881.8471 1896.6415 1902.0427
1600.5463 1591.1593 1581.7723 1572.3853 1562.9983 1553.8254 1544.7422 1535.6591 1527.9304 1520.7609 1509.5205 1497.9001 1486.3245 1475.2149 1464.1053 1452.9957 1450.9328 1462.0217 1473.3735 1484.7253 1496.0772 1507.429 1505.0747 1507.0556 1513.3269 1519.7018 1528.5327 1537.3636 1546.1944 1555.0253 1563.8562 1572.687 1581.5179 1590.3488 1599.1796 1608.8155 1618.0757 1626.689 1635.3023 1643.9156 1652.529 1661.1423 1669.7556 1695.481 1720.4992 1768.7233 1768.3987 1764.8514 1761.3042 1757.7569 1757.4854 1760.8481 1768.606 1784.1262 1799.6464 1815.1667 1830.6869 1846.2071 1852.6665 1857.4178
1590.9363 1581.5493 1572.1624 1562.7754 1553.3884 1544.0014 1534.7021 1525.7383 1518.6182 1511.4487 1500.6068 1489.2524 1478.1428 1471.4106 1464.8498 1448.3339 1439.5197 1457.3702 1479.2965 1493.5799 1504.9255 1516.271 1516.1742 1506.5166 1502.5266 1508.7978 1515.2403 1524.0712 1532.902 1541.7329 1550.5638 1559.3946 1568.2255 1577.0563 1587.118 1595.1842 1603.7975 1612.4108 1621.0242 1629.6375 1638.2508 1646.8641 1655.4774 1683.5641 1723.2063 1756.51 1766.7834 1765.4384 1765.4273 1765.4162 1765.4051 1762.3139 1758.7667 1757.2682 1764.0065 1779.5267 1795.0469 1803.9402 1808.6915 1813.4428
1581.235 1571.8559 1562.4768 1553.0977 1543.7186 1534.3271 1524.9238 1520.2302 1512.2804 1504.3306 1499.881 1494.6902 1489.4994 1473.768 1457.2522 1440.7363 1428.1034 1442.6376 1464.5638 1486.49 1508.4163 1525.1444 1527.0743 1517.3599 1507.9585 1498.3008 1504.2687 1510.7788 1519.6096 1528.4405 1537.2714 1546.1022 1554.9331 1563.8868 1572.2927 1580.906 1589.5194 1598.1327 1606.746 1615.3593 1623.9726 1632.586 1648.574 1677.5545 1713.4491 1743.2945 1761.323 1758.8911 1756.4592 1756.0587 1756.0476 1756.0365 1756.0254 1756.0143 1756.0032 1755.9921 1759.007 1767.9697 1776.9323 1785.895
1571.4583 1562.0549 1552.6516 1543.2482 1533.8448 1524.4415 1515.0381 1510.2228 1515.0942 1515.8439 1512.779 1499.2021 1482.6863 1466.1704 1449.6546 1433.1387 1416.6871 1427.9049 1449.8312 1471.7574 1493.6836 1513.439 1537.7247 1528.1572 1518.3963 1509.1849 1499.7427 1499.7396 1506.3172 1515.1481 1523.979 1532.8923 1540.7879 1549.4012 1558.0146 1566.6279 1575.2412 1583.8545 1592.4678 1601.0812 1609.6945 1618.3078 1631.7884 1668.8008 1704.0333 1730.0789 1755.8626 1753.4307 1750.9988 1748.5669 1746.69 1746.6789 1746.6678 1746.6567 1746.6456 1746.6345 1748.9054 1758.719 1767.6817 1776.6443
1561.5726 1552.1693 1542.7659 1533.3625 1523.9592 1514.5558 1505.1525 1500.1621 1513.1193 1527.0582 1513.625 1493.5216 1475.0886 1458.5728 1442.0569 1425.5411 1409.0252 1413.1723 1435.0985 1455.2848 1473.634 1503.348 1533.062 1538.1431 1529.0988 1519.4326 1510.2213 1501.01 1495.2106 1501.8557 1510.441 1517.8964 1526.5098 1535.1231 1543.7364 1552.3497 1560.963 1569.5764 1578.5743 1587.0489 1595.5915 1606.3433 1624.1525 1660.1799 1690.8178 1716.8634 1742.909 1747.9703 1745.5383 1743.1064 1740.6745 1738.2426 1737.3102 1737.2991 1737.288 1737.2769 1738.4344 1748.7435 1758.431 1767.3936
1551.6826 1542.2789 1532.8752 1523.4715 1514.0678 1504.664 1495.2603 1499.6326 1520.5241 1532.9285 1483.3141 1468.8334 1454.3527 1439.872 1425.3913 1411.0225 1399.8109 1401.3943 1412.5828 1433.9861 1463.7001 1493.4141 1523.1282 1547.6057 1538.5614 1529.5171 1519.2154 1508.8286 1498.4419 1488.0551 1494.295 1502.8375 1511.3801 1519.9226 1528.4652 1537.0077 1545.5503 1554.0928 1562.6353 1571.1779 1582.8857 1595.7607 1615.5316 1651.5567 1677.6023 1703.6479 1729.6935 1742.5098 1740.0779 1737.646 1735.2141 1732.7822 1730.3503 1727.9415 1727.9304 1727.9193 1727.9634 1738.2725 1748.5815 1758.1429
1543.6415 1534.1136 1524.5857 1515.0578 1505.4784 1495.6319 1485.7854 1484.0479 1507.2314 1513.4791 1458.5991 1447.3867 1436.1742 1424.9618 1413.7538 1402.5481 1391.3423 1387.5571 1391.2289 1419.9833 1448.8415 1477.8365 1507.0669 1526.1498 1517.408 1504.5058 1500.508 1499.7168 1489.33 1478.9433 1481.5419 1487.934 1495.5111 1504.0516 1512.5941 1521.1367 1529.6792 1538.2217 1547.6993 1558.9249 1571.7105 1584.6662 1606.9108 1638.3411 1664.3868 1690.4324 1716.478 1737.0494 1734.6175 1732.1856 1729.7537 1727.3218 1724.8899 1722.4579 1720.026 1718.5618 1718.5507 1727.8014 1738.1105 1748.4196
1535.1705 1525.324 1515.4775 1505.631 1495.7845 1485.938 1476.0915 1483.4147 1481.4996 1476.2505 1451.381 1438.9025 1427.6968 1416.5265 1405.3798 1394.2331 1383.0864 1376.6675 1378.3465 1401.0583 1431.612 1456.5056 1477.5847 1494.2338 1491.2758 1478.3735 1478.1947 1484.516 1480.2182 1469.8314 1470.7739 1476.7202 1483.1122 1489.5749 1497.2794 1505.2656 1513.9846 1523.2841 1534.9641 1547.6684 1560.616 1573.5716 1598.2899 1625.1256 1651.1712 1677.2169 1703.2625 1729.3081 1729.1571 1726.7252 1724.2932 1721.8613 1719.4294 1716.9975 1714.5656 1712.1337 1709.7018 1717.3304 1727.6395 1737.9486
1525.4766 1515.6301 1505.7836 1495.9371 1486.0906 1476.2441 1466.3976 1471.5164 1476.2482 1468.3669 1450.5126 1430.6483 1419.7118 1408.5651 1397.4184 1386.2717 1375.125 1369.9633 1367.4802 1384.8652 1405.9443 1427.0235 1448.1026 1462.3178 1465.1435 1452.2412 1455.8813 1462.2026 1468.5239 1460.7195 1460.26 1465.5315 1471.8984 1478.6071 1487.6449 1496.9564 1506.7096 1516.861 1527.6942 1539.0727 1549.5214 1562.477 1585.8645 1611.9101 1637.9557 1664.0014 1690.047 1716.0926 1723.6966 1721.2647 1718.8328 1716.4009 1713.969 1711.5371 1709.1052 1706.6733 1705.4722 1712.3196 1723.2775 1734.2354
1515.7827 1505.9362 1496.0897 1486.2432 1476.3967 1466.5502 1456.7037 1457.821 1484.7594 1484.2006 1449.762 1422.1248 1411.2065 1400.2883 1389.3701 1378.3103 1367.1636 1363.2591 1359.5956 1360.869 1376.4622 1397.5414 1418.6205 1430.4018 1435.0545 1426.2521 1433.568 1439.8893 1446.2106 1451.6077 1449.7461 1456.1288 1465.1589 1474.9673 1484.7672 1493.2107 1502.9834 1514.4668 1525.5051 1536.0516 1544.702 1552.6356 1572.649 1598.6946 1624.7402 1650.7858 1676.8315 1702.8771 1718.2362 1715.8043 1713.3724 1710.9405 1708.5086 1706.0767 1703.6448 1702.3844 1711.7817 1721.6686 1732.6265 1743.5844
1505.8894 1496.1054 1486.3215 1476.5376 1466.7537 1456.9698 1447.1859 1443.4484 1474.8431 1466.7546 1442.5404 1413.6013 1402.683 1391.7579 1380.7457 1369.7334 1358.7212 1354.1787 1350.0972 1349.5121 1357.7184 1368.0593 1389.1384 1398.4858 1403.1385 1403.8844 1411.2454 1417.5759 1424.0376 1432.9554 1442.0613 1451.1209 1463.0967 1473.4855 1483.6493 1491.213 1500.6167 1512.7594 1524.0357 1534.4111 1542.9053 1549.4634 1565.2441 1585.4947 1611.5247 1637.5703 1663.6159 1689.6616 1712.7758 1710.3439 1707.912 1705.4801 1703.0481 1700.6162 1699.2966 1710.4625 1722.6287 1731.0176 1741.9755 1753.242
1496.6068 1486.8218 1477.0367 1467.2516 1457.4666 1447.6815 1438.1669 1428.5802 1417.866 1411.4251 1409.856 1403.498 1393.0582 1382.595 1371.3244 1360.2746 1349.2624 1340.1733 1339.9552 1338.1551 1346.3615 1354.5679 1362.7812 1371.0239 1379.263 1387.6151 1396.3746 1405.3121 1414.3429 1423.4292 1433.7599 1446.5124 1459.9467 1471.9797 1482.4685 1491.5938 1501.5303 1512.2526 1520.6768 1528.1135 1537.2281 1557.0309 1573.2162 1585.3359 1599.1504 1624.3548 1650.4004 1676.446 1702.4917 1704.8834 1702.4515 1700.0196 1697.5877 1696.9773 1709.1434 1721.3095 1733.4756 1740.3666 1751.8256 1762.5272
1487.3405 1477.5554 1467.7703 1458.213 1448.9695 1439.7259 1430.1076 1420.3603 1409.8912 1401.5352 1399.9661 1392.9482 1382.5084 1372.0686 1361.6287 1351.1889 1340.3682 1329.0976 1326.2105 1326.9314 1335.0531 1343.3141 1351.575 1365.5342 1380.2504 1394.7473 1407.3543 1407.7234 1418.5307 1429.338 1439.4957 1447.4577 1455.4197 1463.7514 1474.6815 1485.6768 1495.632 1504.0926 1516.5249 1530.7179 1546.3165 1564.637 1581.3813 1593.308 1605.4277 1617.5473 1637.1849 1663.2305 1689.2761 1699.423 1696.9911 1694.5592 1695.6581 1707.8242 1719.9903 1732.1564 1744.3225 1749.9287 1761.1108 1771.8124
1478.2591 1469.0156 1459.772 1450.5285 1441.285 1431.6043 1421.8674 1412.1304 1401.9163 1391.6453 1390.0763 1382.3983 1371.9585 1361.5187 1351.0789 1340.6391 1330.1992 1319.7594 1315.9791 1316.6957 1323.6269 1331.8748 1352.1241 1392.3985 1407.1147 1421.5573 1429.6793 1423.2233 1426.9 1437.7073 1448.3298 1456.2918 1464.2829 1472.8535 1481.8327 1491.9339 1503.6097 1515.8953 1529.1977 1542.4977 1556.5015 1572.6759 1590.5541 1601.2802 1613.3998 1625.5195 1637.6391 1650.4208 1676.0606 1693.9626 1691.5307 1694.3389 1706.505 1718.6711 1730.8372 1743.0034 1755.1695 1749.2952 1753.7111 1757.8407
1470.5746 1461.3311 1452.0875 1442.838 1433.1011 1423.3641 1413.6271 1403.8902 1393.7311 1383.1619 1380.1864 1371.8484 1361.4086 1350.9688 1340.529 1330.0892 1320.2733 1311.2322 1305.706 1306.4507 1312.1731 1320.4211 1365.355 1414.0049 1433.9789 1448.3673 1452.0043 1445.5484 1439.0924 1446.0766 1456.8839 1465.1258 1473.385 1482.3004 1492.5905 1504.876 1517.1616 1529.4472 1541.7328 1554.0184 1568.5946 1582.285 1599.7269 1609.2523 1621.372 1633.4916 1645.6113 1657.7309 1669.8505 1688.5022 1693.0197 1705.1858 1710.652 1715.6076 1720.5632 1725.5188 1730.4744 1724.4807 1729.3925 1734.3043
1462.8901 1453.6466 1444.3347 1434.5978 1424.8608 1415.1238 1405.3869 1395.6499 1385.5112 1375.187 1370.2965 1361.2986 1350.8588 1340.419 1329.9791 1320.8051 1311.764 1302.723 1295.3828 1296.2056 1300.7194 1329.9359 1378.5858 1427.2358 1460.8431 1475.1773 1474.3294 1467.8734 1461.4174 1456.8474 1465.2532 1473.9599 1482.7682 1493.8568 1506.1424 1518.428 1530.7136 1542.9992 1555.2848 1567.5704 1579.856 1592.1416 1608.1276 1617.2245 1629.3441 1641.4638 1653.5834 1658.7999 1658.5555 1661.4094 1674.7058 1679.6614 1684.617 1689.5726 1694.5282 1699.4838 1701.3458 1699.6662 1704.578 1709.4898
1455.2056 1445.8314 1436.0945 1426.3575 1416.6206 1406.8836 1397.1466 1387.4097 1377.2913 1367.1018 1360.4066 1350.7487 1340.3089 1330.3779 1321.3368 1312.2958 1303.2548 1294.2138 1285.1727 1285.8973 1294.5169 1343.1668 1391.8167 1440.4667 1487.7073 1501.9873 1496.6544 1490.1984 1483.7424 1477.2865 1475.0755 1483.2787 1495.1232 1507.4088 1519.6944 1531.98 1544.2656 1556.5512 1568.9605 1580.1077 1589.2729 1597.9713 1606.6696 1611.5781 1614.0617 1613.8173 1613.5729 1613.3285 1613.0841 1624.2873 1646.0714 1653.6263 1658.5819 1663.5375 1668.4931 1673.4487 1669.94 1674.8518 1679.7635 1684.6753
1447.3282 1437.5912 1427.8542 1418.1173 1408.3803 1398.6433 1388.9064 1379.1694 1369.0714 1358.8819 1350.5167 1340.1989 1330.9097 1321.8686 1312.8276 1303.7866 1294.7455 1285.7045 1276.6635 1275.5742 1292.0032 1347.9902 1403.9772 1453.6975 1502.3475 1525.4354 1518.9794 1512.5234 1506.0675 1499.6115 1481.8761 1484.3996 1493.098 1501.7963 1510.4947 1519.193 1527.8914 1536.5897 1545.2881 1553.9864 1562.6848 1571.3832 1580.0815 1588.7799 1578.8936 1568.3459 1568.1015 1567.8571 1567.6127 1587.1653 1608.9493 1627.5913 1632.5469 1637.5025 1642.4581 1647.4137 1645.1255 1650.0373 1654.949 1659.8608
1439.0879 1429.3509 1419.614 1409.877 1400.1401 1390.4031 1380.6661 1370.9292 1360.8515 1350.6621 1340.5772 1331.653 1322.5864 1313.5198 1304.4532 1295.3867 1286.3201 1277.2535 1268.1869 1265.5168 1284.9047 1340.5311 1396.1574 1447.6804 1493.7293 1514.7262 1490.8438 1466.9615 1443.0791 1441.2038 1459.3577 1463.9842 1469.6958 1475.4073 1483.9066 1492.6049 1501.3033 1510.0016 1518.7 1527.3983 1536.0967 1544.795 1553.4934 1562.1917 1571.9815 1547.964 1521.7034 1522.3857 1528.2592 1550.0432 1571.8273 1593.6113 1606.5118 1611.4674 1616.423 1621.3786 1620.311 1625.2228 1630.1346 1635.0463
1430.8477 1421.1107 1411.3737 1401.6368 1391.8998 1382.1628 1372.4259 1362.6889 1352.6316 1342.4422 1332.7404 1323.7446 1314.8817 1306.0188 1297.156 1288.2931 1279.3052 1270.2386 1260.7771 1255.2636 1260.6401 1277.1281 1323.1771 1369.226 1415.2749 1431.6496 1407.7673 1383.8849 1400.5315 1422.6295 1438.0513 1443.7628 1449.4744 1455.186 1460.8976 1466.6091 1474.7152 1483.4135 1492.1119 1500.8102 1509.5086 1518.2069 1526.9053 1535.6036 1544.302 1543.5566 1517.0343 1490.5121 1491.1372 1512.9212 1534.7052 1556.4892 1578.2732 1585.4324 1590.388 1595.3436 1595.4965 1600.4083 1605.3201 1610.2319
1422.6074 1412.8704 1403.1335 1393.3965 1383.6596 1373.9226 1364.1856 1354.4487 1344.4117 1334.2734 1324.9066 1315.7748 1306.912 1298.0491 1289.1862 1280.3233 1271.4605 1262.4422 1252.5248 1244.9131 1251.7249 1260.4101 1268.8661 1290.7715 1336.8204 1348.573 1334.9662 1359.8591 1382.5181 1407.56 1417.8299 1423.5415 1429.2531 1434.9647 1440.6762 1446.3878 1452.0994 1457.811 1465.5237 1474.2221 1482.9204 1491.6188 1500.3171 1509.0155 1517.7138 1526.4122 1512.627 1486.1047 1473.3795 1481.8885 1497.5831 1519.3672 1541.1512 1559.3974 1564.3529 1569.3085 1570.6821 1575.5938 1580.5056 1585.4174
1414.3672 1404.6302 1394.8932 1385.1563 1375.4193 1365.6823 1355.9454 1346.2084 1336.1918 1326.4396 1317.0727 1307.8051 1298.9422 1290.0793 1281.2164 1272.3536 1263.0476 1253.7335 1244.0572 1234.5545 1242.0325 1250.7177 1259.4029 1268.0881 1276.7732 1294.2938 1319.1868 1344.0797 1367.4485 1392.4904 1397.6086 1403.3202 1409.0317 1414.7433 1420.4549 1426.1665 1431.878 1437.5896 1443.3012 1449.0128 1456.3323 1465.0307 1473.729 1482.4274 1491.1257 1499.8241 1508.2196 1481.6973 1461.6138 1470.1228 1478.6318 1486.5869 1504.0291 1525.8131 1538.3179 1543.2735 1545.8676 1550.7793 1555.6911 1560.6029
