output interpolation.tif
NCOLS 646
NROWS 694
XLLCORNER 694515.75
YLLCORNER 9191512.1
DX 10.012262
DY 10.002678
NODATA_VALUE -9999
[rows 270 to 296 of 694, columns 240 to 299 of 646]
508.29331 514.86986 521.44642 528.28818 537.21219 546.13621 555.06022 563.98424 572.90826 581.83227 591.15562 600.48327 609.81091 619.13855 628.46619 637.79384 647.12148 654.74091 662.17541 669.60992 677.04442 684.47893 691.01598 687.22704 688.40717 732.96578 785.38543 837.80508 890.22473 942.64438 968.5595 964.68631 951.16042 941.06611 931.72216 922.37821 913.03426 903.69031 894.34637 886.10901 878.829 871.98705 876.45363 884.31286 889.67077 892.62032 891.26675 895.42983 900.59455 905.75927 911.08757 918.96508 926.84259 934.72011 942.59762 950.47513 958.35265 962.18892 962.98343 971.85923
512.86203 519.43858 526.01514 533.1362 542.06022 550.98424 559.90825 569.13333 578.46098 587.78862 597.11626 606.4439 615.77155 625.09919 634.42683 643.75448 653.08212 660.63371 668.06822 675.50272 682.93723 690.37174 697.70593 695.79839 691.41651 740.64838 789.88026 839.11213 888.34401 937.57588 976.2113 976.19327 966.84932 957.50537 948.16142 938.81747 929.47352 920.12957 910.78562 901.44167 893.86104 886.58103 889.55601 897.53411 901.02463 904.09908 908.54354 912.95737 918.12209 923.28681 928.45153 933.61625 940.41993 948.29745 956.17496 964.05247 971.92999 974.77221 972.70653 981.38691
517.43075 524.0073 530.58386 537.98423 547.11104 556.43869 565.76633 575.09397 584.42162 593.74926 603.0769 612.40454 621.73219 631.05983 640.38747 649.71512 659.04276 666.52652 673.96103 681.39553 688.76496 695.93955 703.11414 705.36246 698.36582 745.7367 794.96858 844.20045 893.43233 933.02359 973.77982 979.84943 976.74042 973.63141 964.60068 955.25673 945.91278 936.56883 927.22488 917.88093 908.89308 901.61307 902.78552 909.5336 912.60805 916.84513 921.29978 925.56362 931.27607 939.43627 945.97907 951.14379 956.30851 961.87479 969.7523 977.62982 984.71103 984.90317 982.8375 990.9146
518.80461 524.17484 528.29591 535.86078 546.09531 556.94443 568.16017 579.37592 590.38225 599.7099 609.03754 618.36518 627.69283 637.02047 646.34811 655.67575 664.98482 672.41933 679.82398 686.99857 694.17317 701.34776 708.52236 714.92653 708.66283 750.82502 800.0569 849.28877 889.83589 934.2731 980.4309 977.32189 974.21288 971.10387 967.99485 964.88584 961.77683 953.00809 943.66414 934.32019 924.97624 916.64511 916.01502 921.11702 925.14672 929.4796 933.74344 938.00727 942.27111 947.04307 955.20328 963.36348 971.52368 979.00076 984.16548 991.20716 997.09981 995.03414 992.96847 1000.4423
515.52668 517.24363 522.73288 533.26748 546.50137 558.562 568.79653 579.03107 589.2656 599.50013 609.73466 619.9692 630.20373 640.43826 650.6728 660.90733 670.87763 678.0576 685.23219 692.40678 699.58138 706.75597 713.93057 721.10516 718.95983 755.91334 805.14522 846.64818 894.76639 945.08744 977.90336 974.79435 971.68534 968.57632 965.46731 962.3583 959.24929 956.14028 953.03126 949.92225 941.4155 932.07155 929.24452 933.39558 937.65942 941.92325 946.18709 950.45093 954.71476 958.9786 963.24244 970.97028 979.13048 987.29068 995.45089 1003.6111 1009.1377 1010.1779 1003.9646 1010.0151
507.34015 512.8294 518.31865 530.18912 543.42301 556.6569 569.89079 581.26322 591.49775 601.73229 611.96682 622.20135 632.43589 642.67042 652.90495 663.13948 673.18904 681.15544 689.12184 697.08824 704.98959 712.16418 719.33878 726.51337 729.25684 761.00166 804.93863 855.25968 905.58072 955.90177 975.37582 972.26681 969.1578 966.04878 962.93977 959.83076 956.72175 953.61274 950.50372 947.39471 944.2857 941.17669 941.06287 945.83924 950.10307 954.36691 958.63075 962.89458 967.15842 971.42226 975.68609 979.94993 986.73729 994.89749 1003.0577 1011.2179 1017.7308 1018.5579 1014.3745 1019.3228
502.92592 508.41517 513.90442 527.11077 540.34466 553.57855 566.81244 580.04633 593.28022 603.96444 614.19898 624.43351 634.66804 644.90257 655.13711 665.37164 675.33973 683.30613 691.27253 699.23894 707.20534 715.17174 723.13814 731.10454 739.55385 765.43192 815.75296 866.07401 916.39506 966.7161 972.84828 969.73927 966.63025 963.52124 960.41223 957.30322 954.19421 951.0852 947.97618 944.86717 942.68857 940.68108 945.09031 952.00538 958.92045 965.83552 971.0744 975.33824 979.60207 983.86591 988.12975 992.39358 996.65742 1002.5043 1010.6645 1018.8247 1026.9849 1025.46 1024.4643 1029.0952
498.51168 504.00093 510.79852 524.03241 537.2663 550.50019 563.73408 576.96797 590.20186 603.43575 616.43113 626.66567 636.9002 647.13473 657.36926 667.6038 677.49043 685.45683 693.42323 701.38963 709.35603 717.32243 726.60657 738.73 749.92307 778.11522 826.56729 876.88834 927.20939 973.42975 970.32074 967.21173 964.10271 960.9937 957.88469 954.77568 951.66667 948.75044 946.74295 944.73546 942.72797 943.93704 948.98109 956.03283 962.94789 969.86296 976.77803 983.6931 990.60817 996.30956 1000.5734 1004.8372 1009.1011 1013.3649 1018.2713 1026.4315 1034.5917 1036.3676 1034.1392 1038.9687
494.09745 499.5867 507.72016 520.95405 534.18794 547.42183 560.65572 573.88961 587.1235 600.35739 613.59128 626.82517 639.13235 649.36689 659.60142 669.83595 679.64112 687.60752 695.57392 703.54033 712.05553 724.17896 736.30239 748.42582 760.29359 797.61172 837.38163 887.70267 938.02372 970.90221 967.7932 964.68419 961.57517 958.46616 955.35715 952.80482 950.79733 948.78984 946.78235 944.77487 942.76738 949.28948 952.8901 960.06027 966.97534 973.89041 980.80548 987.72054 994.63561 1001.5507 1008.4658 1015.3808 1021.5447 1025.8086 1030.0724 1034.3362 1042.1985 1047.2753 1044.0968 1049.1631
489.68322 495.17247 504.6418 517.87569 531.10958 544.34347 557.57736 570.81125 584.04514 597.27903 610.51292 623.74681 636.9807 650.21459 661.83358 672.06811 681.79182 689.75822 697.72462 709.62792 721.75135 733.87478 745.99822 758.95522 778.49884 817.10823 855.71761 898.51701 948.83805 968.37467 965.26566 962.15664 959.04763 956.8592 954.85171 952.84423 950.83674 948.82925 946.82176 944.81427 946.34391 954.64193 958.16444 964.08771 971.00278 977.91785 984.83292 991.74799 998.66306 1005.5781 1012.4932 1019.4083 1026.3233 1033.2384 1040.1535 1046.7799 1051.0437 1057.9655 1053.8079 1061.5026
485.26899 490.75824 501.56345 514.79734 528.03123 541.26512 554.49901 567.7329 580.96679 594.20068 607.43457 620.66846 633.90234 647.13623 660.37012 673.60401 683.94251 695.07688 707.20031 719.32374 731.44718 743.57061 755.69404 769.76416 797.99535 836.60473 875.21412 913.8235 959.65239 965.84713 962.92107 960.91358 958.9061 956.89861 954.89112 952.88363 950.87614 948.86865 946.86116 944.85368 951.69635 959.99438 963.43878 968.11516 975.03023 981.94529 988.86036 995.77543 1002.6905 1009.6056 1016.5206 1023.4357 1030.3508 1037.2658 1044.1809 1051.096 1058.0111 1064.9487 1071.7704 1077.5749
480.85476 486.34401 498.48509 511.71898 524.95287 538.18676 551.42065 564.65454 577.88843 591.12232 604.35621 617.5901 630.82399 644.05788 657.29177 670.52566 688.15555 697.19612 711.99609 727.356 741.143 753.26643 765.38986 779.63578 806.08598 846.92074 887.75551 926.5859 964.85 964.96797 962.96048 960.95299 958.9455 956.93801 954.93052 952.92303 950.91555 948.90806 946.90057 948.75078 957.0488 965.34683 968.71312 972.1426 979.05767 985.97274 992.88781 999.80288 1006.7179 1013.633 1020.5481 1027.4632 1034.3782 1041.2933 1048.2084 1055.1234 1062.0385 1071.4608 1084.0058 1100.556
476.44052 482.17284 495.40673 508.64062 521.87451 535.1084 548.34229 561.57618 574.81007 588.04396 601.27785 614.51174 627.74563 640.97952 654.21341 666.3542 685.55859 708.32085 713.6754 720.02481 735.38471 750.74462 764.90879 776.43912 802.87581 834.59924 872.86334 911.12744 949.39155 961.12559 962.99988 960.99239 958.98491 956.97742 954.96993 952.96244 950.95495 948.94746 946.93997 954.10322 962.40125 970.69927 973.98746 976.17004 983.08511 990.00018 996.91525 1003.8303 1010.7454 1017.6605 1024.5755 1031.4906 1038.4057 1045.3207 1052.2358 1059.1509 1069.3674 1076.6746 1088.6331 1105.1833
472.02629 479.09448 492.32837 505.56226 518.79615 532.03004 545.26393 558.49782 571.73171 584.9656 598.19949 611.43338 624.66727 637.90116 650.06467 662.15576 682.96164 711.12735 724.80013 730.15468 735.50922 742.96787 754.44995 776.62883 803.84718 831.06553 858.28388 895.66899 933.9331 950.00414 957.30014 961.0318 959.02431 957.01682 955.00933 953.00184 950.99436 948.98687 951.15764 959.45567 967.75369 976.05172 979.2618 980.19749 987.11256 994.02763 1000.9427 1007.8578 1014.7728 1021.6879 1028.603 1035.518 1042.4331 1049.3482 1056.2632 1066.1453 1077.0082 1081.8884 1093.2604 1109.8106
467.61206 476.01613 489.25002 502.48391 515.7178 528.95169 542.18558 555.41947 568.65336 581.88725 595.12114 608.35502 621.58891 633.77514 645.86623 657.95733 680.36468 708.5304 735.92486 741.2794 746.63395 751.96417 759.67485 781.69311 807.38186 833.07061 859.25525 886.4736 918.47464 938.88269 946.1787 953.4747 959.06371 957.05623 955.04874 953.04125 951.03376 949.02627 956.51009 964.80812 973.10614 981.40417 984.53614 984.22493 991.14 998.05507 1004.9701 1011.8852 1018.8003 1025.7153 1032.6304 1039.5455 1046.4606 1053.3756 1062.9232 1073.7861 1084.5033 1087.1021 1097.8877 1114.4379
463.19783 472.93777 486.17166 499.40555 512.63944 525.87333 539.10722 552.34111 565.575 578.80889 592.04278 605.27667 617.4856 629.5767 641.6678 653.7589 677.76772 705.93344 734.09916 752.40413 757.75868 763.10534 769.02486 789.49096 815.17971 840.86846 866.55721 892.08355 916.25094 927.74257 935.05725 942.35325 949.64926 956.94526 955.08814 953.08065 951.07316 953.56451 961.86254 970.16056 978.45859 986.75661 989.81048 988.07392 995.16744 1002.0825 1008.9976 1015.9127 1022.8277 1029.7428 1036.6579 1043.5729 1050.488 1059.7011 1070.564 1081.4269 1089.717 1092.3159 1102.515 1119.0652
458.7836 469.85941 483.0933 496.32719 509.56108 522.79497 536.02886 549.26275 562.49664 575.73053 588.96442 601.19607 613.28717 625.37827 637.46937 649.56046 675.17077 703.33648 731.5022 759.66792 768.88341 774.23796 779.42713 796.64054 822.33188 846.24427 869.49713 892.75 909.04172 916.52515 923.85458 931.18401 938.51344 945.82382 953.11982 953.12006 951.11257 958.91696 967.21498 975.51301 983.81104 992.10906 995.08482 991.79037 999.19489 1006.11 1013.025 1019.9401 1026.8552 1033.7702 1040.6853 1047.6004 1056.479 1067.3419 1078.2048 1089.0677 1094.9308 1097.5297 1107.1423 1123.6926
454.36936 466.78105 480.01494 493.24883 506.48272 519.71661 532.9505 546.18439 559.41828 572.65217 584.90654 596.99764 609.08874 621.17984 633.27093 645.36203 672.57381 700.73953 728.90525 757.07096 780.00814 785.36269 790.5683 799.49046 822.74332 845.99619 869.24906 890.24801 897.79202 905.30774 912.63716 919.96659 927.29602 934.62544 941.95487 949.2843 955.97138 964.26941 972.56743 980.86546 989.16348 997.46151 1000.3592 995.50682 1003.2223 1010.1374 1017.0525 1023.9675 1030.8826 1037.7977 1044.7127 1053.2569 1064.1198 1074.9827 1085.8456 1096.7085 1100.1446 1102.7435 1111.7697 1128.3199
450.46881 463.7027 476.93659 490.17048 503.40437 516.63826 529.87215 543.10604 556.33993 568.61701 580.70811 592.79921 604.8903 616.9814 629.0725 641.81114 669.97685 698.14257 726.30829 754.47401 782.63972 796.48742 801.37434 805.44299 822.49525 845.74812 869.00099 878.9983 886.54231 894.08632 901.41975 908.74917 916.0786 927.87317 939.96491 952.05666 963.32967 969.62185 977.91988 986.2179 994.51593 1002.814 1005.6335 999.22327 1007.2498 1014.1648 1021.0799 1027.995 1034.91 1041.8251 1050.0348 1060.8977 1071.7606 1082.6235 1093.4864 1102.7595 1105.3584 1107.9572 1116.397 1132.9472
447.39045 460.62434 473.85823 487.09212 500.32601 513.5599 526.79379 540.02768 552.32748 564.41858 576.50968 588.60077 600.69187 612.78297 624.87407 639.21418 667.3799 695.54561 723.71133 751.87705 780.04277 807.61214 813.12889 813.82035 825.18378 845.50005 860.20459 867.7486 875.29261 886.06986 897.93458 910.02633 922.11807 934.20982 946.30157 958.39332 970.48506 979.11514 983.27233 991.57035 999.86838 1008.1664 1010.9078 1002.9397 1011.2772 1018.1923 1025.1074 1032.0224 1038.9375 1046.8127 1057.6756 1068.5385 1079.4014 1090.2643 1101.1272 1107.9733 1110.5721 1113.171 1121.0243 1137.5745
444.31209 457.54598 470.77987 484.01376 497.24765 510.48154 523.71543 536.03795 548.12905 560.22015 572.31124 584.40234 596.49344 608.58454 620.67563 636.61722 664.78294 692.94866 721.11438 749.28009 777.44581 805.61153 823.08161 822.4254 833.20878 843.97439 857.10607 869.25096 881.39585 893.54074 905.31161 916.92671 928.5418 940.54648 952.63822 964.72997 976.82172 986.64071 994.90062 996.9228 1005.2208 1013.5188 1016.1822 1006.6562 1015.3047 1022.2197 1029.1348 1036.0499 1043.5906 1054.4535 1065.3164 1076.1793 1087.0422 1097.9051 1108.768 1113.187 1115.7859 1118.3848 1125.6516 1142.2018
441.23373 454.46762 467.70151 480.9354 494.16929 507.40318 519.74842 531.83952 543.93061 556.02171 568.11281 580.20391 592.295 604.3861 616.4772 634.02027 662.18598 690.3517 718.51742 746.68314 772.82092 791.71691 810.12358 815.72633 823.23746 836.15241 858.72069 876.72185 888.86674 901.01163 912.85101 924.46611 936.0812 947.69629 959.31139 971.06662 983.15837 994.08074 1002.4262 1009.9145 1010.5733 1018.8713 1021.4565 1010.3726 1019.3321 1026.2472 1033.1622 1040.3685 1051.2314 1062.0943 1072.9572 1083.8201 1094.683 1105.5459 1115.8019 1118.4008 1120.9997 1123.5986 1130.2789 1146.8291
438.15538 451.38927 464.62316 477.85705 491.09094 503.45889 515.54999 527.64108 539.73218 551.82328 563.91438 576.00547 588.09657 600.18767 612.27877 631.42331 659.58903 687.75475 715.92046 739.71308 758.60906 777.50505 796.40104 806.7901 813.26613 828.33043 850.89871 873.46698 896.03526 908.48252 920.39041 932.00551 943.6206 955.23569 966.85079 978.46588 989.08305 997.42708 1009.9518 1018.2117 1023.8443 1024.2237 1026.7309 1014.2921 1023.3595 1030.2746 1037.1897 1048.0093 1058.8722 1069.7351 1080.598 1091.4609 1102.3238 1113.1867 1121.0157 1123.6146 1126.2135 1128.8124 1134.9062 1151.4564
435.07702 448.31091 461.5448 474.77869 487.16936 499.26046 511.35155 523.44265 535.53375 547.62485 559.71594 571.80704 583.89814 595.98923 608.08033 628.82635 656.99207 685.15779 706.60523 725.50122 744.39721 763.2932 782.18919 797.85387 803.29481 820.50845 843.07673 865.645 888.21328 910.78155 927.92981 937.53011 945.58543 953.64075 961.69607 969.75138 977.8047 985.81584 994.386 1008.4511 1023.8109 1033.9433 1032.0052 1019.5664 1027.1668 1034.3021 1044.7872 1055.6501 1066.513 1077.3759 1088.2388 1099.1017 1109.9591 1119.8149 1126.2295 1128.8284 1131.4273 1134.0261 1139.5335 1151.4343
431.99866 445.23255 458.46644 470.87983 482.97092 495.06202 507.15312 519.24422 531.33531 543.42641 555.51751 567.60861 579.6997 591.7908 603.8819 626.2294 654.39512 673.49739 692.39338 711.28936 730.18535 749.08134 767.97733 786.63126 793.32348 812.68648 835.25475 857.82303 880.3913 900.66512 918.22752 926.25376 934.30908 942.3644 950.41972 958.47503 966.49923 974.51037 982.5215 991.34492 1006.5094 1010.7146 1014.2127 1019.8217 1030.4506 1040.7074 1050.77 1060.8325 1070.6451 1080.2892 1089.9333 1099.5774 1101.7943 1105.5186 1114.9307 1122.8132 1130.6957 1138.5781 1144.1608 1151.071
428.9203 442.15419 454.5903 466.68139 478.77249 490.86359 502.95469 515.04578 527.13688 539.22798 551.31908 563.41017 575.50127 587.59237 599.68347 621.49356 640.38954 659.28553 678.18152 697.07751 715.9735 734.86949 753.76547 772.66146 783.35216 804.8645 827.43277 848.52023 868.15875 887.79726 906.9963 915.01899 923.04169 931.08805 939.14337 947.18262 955.19375 963.20489 971.21603 979.22717 987.08352 994.69223 1002.3009 1009.9096 1020.0955 1030.5141 1040.9326 1056.1306 1069.6958 1079.3399 1086.791 1082.248 1083.0352 1093.4486 1103.323 1111.2055 1119.088 1126.9707 1134.1759 1140.9233
425.84195 438.30077 450.39186 462.48296 474.57406 486.66516 498.75625 510.84735 522.93845 535.02954 547.12064 559.14152 569.88857 581.93044 595.49127 609.0053 626.61871 645.37277 664.12684 682.8809 701.76164 720.65763 739.55362 758.44961 774.47424 796.37534 816.01386 835.65237 855.29089 874.9294 894.56792 903.78777 911.81047 919.83316 927.86601 935.9028 943.99481 952.08682 960.17883 968.14934 976.21739 984.38307 992.54874 1000.7144 1008.8028 1016.4115 1024.8665 1035.285 1049.6646 1065.9733 1063.6332 1060.7682 1070.9653 1081.3786 1091.7154 1099.598 1107.4809 1115.2095 1121.9296 1128.6497
