output interpolation.tif
NCOLS 646
NROWS 694
XLLCORNER 694515.75
YLLCORNER 9191512.1
DX 10.012262
DY 10.002678
NODATA_VALUE -9999
[rows 351 to 377 of 694, columns 180 to 239 of 646]
318.03037 325.13287 316.85995 306.37329 296.50857 293.58395 302.5627 311.44284 320.32299 329.20313 328.6323 318.74143 308.8473 309.43809 310.02888 302.3158 291.14749 279.97917 261.0783 240.83061 220.58293 192.92617 164.35086 135.77555 110.16305 91.141273 72.119499 53.714104 35.89371 112.53016 139.14968 163.19039 171.04076 161.81623 152.5917 143.36717 134.14264 117.00861 98.209509 79.410407 67.415715 78.161394 90.796771 103.43215 113.57001 122.84186 132.11371 141.38556 150.65741 159.92926 169.20112 169.80515 169.0907 168.37625 186.00843 207.33738 199.52929 197.76394 204.57761 211.39129
298.46743 303.97385 306.50688 296.85531 286.59156 283.49156 293.12925 302.76695 310.89374 319.77388 328.65403 323.41738 313.53777 303.49793 300.0358 300.62659 289.78091 278.6126 258.9411 238.69342 211.58489 183.00958 157.30207 138.337 119.31522 100.29345 81.589658 63.769265 45.948871 98.559135 121.64765 154.07878 161.85614 152.63161 143.40708 134.18255 124.21113 106.91266 87.519903 68.625503 57.765325 70.064296 82.699673 95.335051 107.26734 116.53919 125.81104 135.08289 144.35475 153.6266 158.20406 157.48962 156.77517 156.06073 171.86466 193.19362 201.33334 191.47086 192.40396 199.21764
278.9045 282.81484 285.34787 287.33732 276.85067 273.39918 283.03687 292.67456 302.31225 311.94994 319.22478 328.08208 318.20247 308.32285 298.30397 290.63352 288.41434 277.05159 256.80391 230.2436 204.22563 185.53273 166.51095 147.48918 128.4674 109.46521 91.644819 73.824426 56.004032 80.104905 112.53604 144.96717 152.67152 143.44699 134.22246 124.76181 114.24767 96.9817 77.588942 58.196184 49.331821 61.967199 74.602576 87.237953 99.873331 110.23652 119.50838 128.78023 138.05208 146.60298 145.88853 145.17409 144.45964 143.7452 157.72089 179.04985 200.3788 193.27491 183.41243 187.04399
259.12279 261.65582 264.18886 266.72189 267.33268 263.30679 272.94448 282.58218 292.21987 301.85756 311.49525 319.50755 322.86717 312.98755 303.10793 293.11 283.06046 274.91439 251.14919 232.72845 213.70668 194.6849 175.66313 156.64135 137.61958 119.52037 101.69998 83.707003 65.865322 70.993294 103.42443 135.85556 143.4869 134.26237 125.03784 114.79835 104.2842 87.050739 67.657982 47.979921 40.423371 53.688387 66.505478 79.140856 91.776233 103.93386 113.20571 122.47756 131.74941 134.28745 133.573 132.85856 132.14411 131.42967 143.57713 164.90608 186.23504 195.07896 185.21648 175.354
237.96378 240.49681 243.02984 245.56287 248.09591 253.23652 262.95128 272.6779 282.40452 292.13114 301.85776 311.58438 320.16748 310.25962 300.11586 290.46694 281.0582 271.1114 260.9024 241.88063 222.85886 203.83708 184.81531 165.79353 147.39593 129.57553 111.39294 93.551259 75.709579 95.578375 94.312816 126.74395 134.19843 125.07775 115.34903 104.83488 94.320736 77.119779 57.626764 36.604477 31.254386 44.519402 57.784418 71.043758 83.679136 96.314513 106.90304 116.1749 122.68637 121.97192 121.25747 120.54303 119.82858 119.11414 129.43336 150.76231 172.09127 193.42022 187.02054 177.15806
216.80476 219.3378 221.87083 224.40386 233.24199 243.3201 253.14782 262.80817 272.46852 282.12887 291.78921 301.44956 310.06074 300.13599 290.54708 280.97398 271.40088 262.12524 252.10294 241.99635 231.6639 212.98926 193.96748 175.27148 156.92056 139.07888 121.2372 103.39552 85.553835 110.07944 112.96612 117.63234 124.84578 115.89313 105.38557 94.871419 84.357271 67.188818 46.25132 25.229033 22.085402 35.350417 48.615433 61.880448 75.145464 88.217415 100.60038 109.87223 110.37084 109.65639 108.94195 108.2275 107.51305 106.79861 115.28959 136.61854 157.9475 179.27646 185.08572 173.93256
195.64575 198.17878 202.95313 213.11127 223.26942 233.32153 243.39877 253.05912 262.71947 272.37982 281.99863 291.43949 300.15513 290.59037 281.02562 271.46087 261.89611 252.33136 242.29973 232.1837 222.08104 211.97837 201.87571 184.60649 166.76481 148.92313 131.08145 113.23977 95.398092 120.37218 138.00194 126.2779 115.56508 105.93625 95.422102 84.925943 74.435228 56.372268 38.71333 22.329024 22.363312 34.00719 45.651068 57.294946 68.938824 80.582701 92.506511 98.769754 98.055308 97.340862 96.626417 95.911971 95.197525 94.48308 101.14582 122.47478 137.9362 143.0015 148.0668 153.1321
174.48674 182.82242 192.98056 203.1387 213.29685 223.32296 233.4057 243.31007 252.97042 262.46239 271.96296 281.4782 290.05379 280.44756 270.78792 261.12827 251.46862 241.80897 231.79627 222.04025 212.28424 202.40575 192.45819 182.7852 171.98609 154.88619 137.7863 120.6864 104.0923 119.573 133.52101 120.43483 110.1868 113.21684 95.241074 75.387299 64.899073 53.748765 42.308892 30.869018 31.888753 36.097404 40.306054 44.514704 48.723354 52.932005 57.140655 61.426953 65.808535 70.190118 74.5717 78.953283 82.881996 82.16755 87.002053 95.851989 100.91729 111.12119 122.34025 133.55932
165.29569 175.12969 184.9637 194.7977 204.63171 215.60383 225.70896 234.01162 243.01914 252.52814 262.03714 271.54614 280.7105 281.44973 268.11408 254.77843 241.44277 231.26112 221.47793 211.72192 201.9659 192.20989 182.40647 172.61878 162.85637 153.09453 140.94946 124.06509 114.13255 117.16977 123.49156 112.84218 109.45445 112.48448 114.46387 93.863729 73.263593 64.304071 57.362616 50.553444 43.720557 36.865549 30.010541 23.155533 16.300525 11.420399 15.629049 19.903665 24.285248 29.767162 43.37344 56.979719 70.585997 84.192276 90.528524 96.879079 108.09814 119.31721 130.53627 141.75534
182.32985 189.09543 197.19396 207.02796 216.86197 223.81927 244.419 246.27844 255.23136 264.18428 270.88409 274.04227 277.20044 277.74146 275.28919 261.95354 248.61788 236.56698 226.30214 216.03729 205.77245 195.5592 185.49428 175.37755 165.09798 154.81842 144.54341 134.25541 124.43672 127.14951 133.21013 130.68716 123.06725 116.15311 114.78216 113.08652 96.041717 88.762707 81.483697 74.204687 67.302265 60.447256 52.86954 44.077124 35.284709 26.492294 19.948252 27.944934 41.551213 55.157491 68.76377 82.370048 95.976327 109.13723 109.54188 109.94652 116.29416 127.51323 138.73229 149.95136
201.60386 208.36945 215.13503 221.90062 229.09223 240.34545 250.36493 258.54526 261.79857 264.95674 268.11492 271.27309 274.43127 277.58944 277.48341 269.12865 256.9084 246.55103 236.28619 226.12867 216.06375 205.99884 195.93392 185.869 175.72427 165.45714 155.20701 144.96418 134.96184 137.01095 143.17924 150.81208 148.66559 141.72124 133.71737 124.80339 115.86215 106.87414 97.886122 88.898107 79.982615 71.1902 62.397784 53.605369 44.812953 40.369094 47.02602 53.682945 66.941542 80.547821 94.154099 107.76038 121.36666 128.15059 128.55523 128.95988 129.36452 135.70925 146.92831 158.14738
220.87788 227.64346 234.40905 241.17463 246.58449 255.90581 265.77577 269.85399 267.71512 268.83152 269.94481 271.0581 272.17139 274.82027 277.97844 277.22536 266.79993 256.69814 246.63322 236.56831 226.43514 216.28901 206.14289 195.99603 185.81967 175.68829 165.48774 155.25418 145.18193 146.87708 153.16615 154.42946 151.58235 148.73524 143.17602 134.26205 125.34807 116.3915 107.40349 98.41547 89.510859 80.718444 71.926029 63.133613 60.789937 67.446862 74.103787 80.760712 92.331872 105.93815 119.54443 133.15071 146.75699 147.16394 147.56859 147.97323 148.37788 148.78252 155.12433 166.3434
240.15189 246.91748 253.57852 258.9072 264.23588 273.34605 283.21601 285.21416 281.21942 278.85079 279.98062 281.09391 282.20719 283.32048 284.43377 285.54706 276.74986 266.60373 256.4576 246.31147 236.16534 226.01922 215.84318 205.66328 195.4946 185.36381 175.23207 165.10033 154.93609 157.00633 158.88319 154.38283 151.53572 148.68861 145.8415 142.99438 134.80673 125.89275 116.92085 107.93283 99.039104 90.246688 81.454273 81.210779 87.867704 94.52463 101.18155 107.83848 117.7222 131.32848 144.93476 158.54104 165.77265 166.1773 166.58194 166.98659 167.39123 167.79587 168.20052 174.53942
259.42591 265.90123 271.22991 276.55859 281.88726 290.78629 300.65625 300.57432 296.57958 292.58484 289.98647 291.12155 292.243 293.35629 294.46958 295.58287 286.48006 276.33393 266.1878 256.04167 245.87022 235.69032 225.51043 215.33053 205.16953 195.03933 184.90759 174.77585 164.6441 167.20235 166.91664 162.40063 157.04344 151.12841 145.79487 142.94776 140.10065 135.35141 126.43743 117.4502 108.56735 99.774933 101.63162 108.28855 114.94547 121.6024 128.25932 134.91625 143.11253 156.71881 170.32509 183.93137 184.78601 185.19065 185.5953 185.99994 186.40458 186.80923 187.21387 187.61852
278.22394 283.55261 288.88129 294.20997 299.53865 308.22652 318.09648 315.93448 311.93974 307.945 303.95026 301.12214 302.25722 303.3921 304.50539 305.61868 296.21026 286.06413 275.89726 265.71737 255.53747 245.35758 235.17768 224.99779 214.84447 204.71484 194.5831 184.45136 174.3148 177.39837 174.95008 170.43408 165.91807 161.04537 155.13034 149.21532 143.30029 137.38527 134.35979 126.96756 118.09559 122.05246 128.70939 135.36631 142.02324 148.68016 155.33709 161.99402 168.65094 182.10914 195.71542 203.39472 203.79936 204.20401 204.60865 205.01329 205.41794 205.82258 206.22723 206.63187
295.87532 301.204 306.53268 311.86136 317.19003 325.66676 335.28938 331.29464 327.2999 323.30516 319.31043 315.31569 312.25782 313.3929 314.52798 315.65448 305.9243 295.74441 285.56451 275.38462 265.20473 255.02483 244.84494 234.66504 224.5194 214.39023 204.25862 194.12688 183.97714 187.49953 182.98353 178.46753 173.95152 169.43552 164.91951 159.13227 153.21725 147.30223 141.3872 135.47218 140.71114 149.13023 155.78716 162.44408 169.10101 175.75793 182.41486 189.07178 195.72871 207.49947 221.10575 222.40807 222.81272 223.21736 223.622 224.02665 224.43129 224.83594 225.24058 225.64523
313.5267 318.85538 324.18406 329.51274 334.84142 343.107 350.64954 346.6548 342.66006 338.66533 334.67059 330.67585 326.68111 323.39349 324.52857 325.66366 315.64919 305.41166 295.23177 285.05187 274.87198 264.69208 254.51219 244.3323 234.19433 224.06516 213.93414 203.8024 193.63948 195.53298 191.01698 186.50097 181.98497 177.46896 172.95296 168.43695 163.13421 157.21918 151.30416 145.38913 150.88263 162.47626 174.06989 185.66352 196.17877 202.8357 209.49262 216.14955 222.80648 232.8898 241.01678 241.42143 241.82607 242.23071 242.63536 243.04 243.44465 243.84929 244.25394 244.65858
331.17809 336.50677 341.83545 347.16413 352.4928 360.54723 366.0097 362.01496 358.02023 354.02549 350.03075 346.03601 342.04127 338.04653 334.52917 335.66425 325.66312 315.27896 304.89902 294.71913 284.53923 274.35934 264.17944 253.99955 243.86926 233.74009 223.60966 213.48593 203.30181 203.56643 199.05042 194.53442 190.01841 185.50241 180.9864 176.4704 171.95439 167.13614 161.22111 155.30609 161.05413 172.64775 184.24138 195.83501 207.42864 219.02227 230.6159 242.20952 249.88424 258.28013 260.03014 260.43478 260.83942 260.47817 259.65576 258.83336 258.01095 257.18855 256.36614 255.54374
348.82947 354.15815 359.48683 364.81551 370.14419 377.98747 381.36986 377.37513 373.38039 369.38565 365.39091 361.39617 357.40143 353.40669 349.41196 345.66484 335.67704 325.29289 314.90873 304.52457 294.20649 284.02659 273.8467 263.67337 253.5442 243.41503 233.28518 223.18107 212.96415 211.59987 207.08387 202.56786 198.05186 193.53585 189.01985 184.50384 179.98784 175.47183 170.95583 165.22304 171.22562 182.81925 194.41288 206.0065 217.60013 229.19376 239.58205 249.39615 258.98864 267.03976 269.37798 271.7162 271.44054 270.61814 269.79573 268.97333 268.15092 267.32852 266.50611 265.68371
366.48086 371.80954 377.13822 382.4669 387.79557 395.42771 396.73003 392.73529 388.74055 384.74581 380.75107 376.75633 372.76159 368.76686 362.42631 355.10654 344.94949 334.79244 324.63538 314.47833 304.15434 293.77019 283.51395 273.3483 263.21913 253.08996 242.9607 232.8434 222.80344 219.63332 215.11731 210.60131 206.0853 201.5693 197.05329 192.53729 188.02128 183.50528 178.45658 171.70138 178.61668 188.43078 198.24489 208.05899 217.87309 227.6872 237.28986 245.70503 254.12019 262.53536 265.36558 267.7038 270.04202 272.38023 274.71845 277.05667 278.29089 277.46849 276.64608 275.82368
384.13224 389.46092 394.7896 400.11828 405.44696 412.86795 412.09019 408.09545 404.10071 400.10597 396.11123 392.11649 386.11484 378.82681 371.55146 364.39105 354.2212 344.05134 333.88149 323.71164 313.54178 303.37193 291.6402 279.19182 269.23586 259.2799 249.32394 239.36964 224.58296 219.88783 213.13263 206.37743 199.62224 192.86704 186.11185 179.35665 172.60146 165.84626 159.09106 165.72044 176.53593 186.35003 196.16414 205.97824 215.59107 224.00624 232.42141 240.83658 249.25175 257.66691 261.35317 263.69139 266.02961 268.36783 270.70605 273.04427 275.38248 277.7207 280.05892 282.39714
399.26387 407.11231 412.44099 417.76967 423.09834 430.30818 427.45035 423.45561 419.46087 415.46613 409.80337 402.51534 395.34432 388.22565 381.10697 374.15746 363.9876 353.81775 343.64789 330.46918 314.66609 298.863 283.05992 273.13788 264.56496 254.62717 244.67121 234.7307 201.00714 190.84016 193.76712 187.01192 180.25673 173.50153 166.74633 159.99114 153.23594 146.48075 150.50442 163.6604 174.45518 184.26929 193.89229 202.30746 210.72263 219.1378 227.55296 235.96813 244.3833 252.79847 257.34076 259.67898 262.0172 264.35542 266.69364 269.03186 271.37008 273.7083 276.04652 278.38474
409.23556 419.22315 429.21075 435.42105 440.74973 446.80525 442.81051 438.81577 433.49189 426.25587 419.13719 412.01851 404.89983 397.78115 390.6633 383.92386 369.29815 353.49506 337.69198 321.88889 306.0858 290.28272 275.53159 266.95867 258.38575 249.81283 240.01849 216.1142 177.43132 150.58457 158.62926 166.67395 160.89121 154.13602 147.38082 140.62562 133.87043 135.28841 148.44439 161.60036 172.19351 180.60868 189.02384 197.43901 205.85418 214.26935 222.68452 231.09968 239.51485 247.93002 253.32836 255.66658 258.0048 260.34301 262.68123 265.01945 267.35767 269.69589 272.03411 275.57617
419.20725 429.19484 439.18244 449.17003 458.40111 462.16541 457.18042 450.04873 442.93005 435.81137 428.69269 421.57401 414.45534 407.33666 400.48158 388.21613 362.41418 344.91478 329.11169 313.3086 297.50552 281.70243 269.35238 260.77946 252.20654 243.63362 234.24451 192.53838 153.8555 115.17263 118.37367 126.41836 134.46305 134.7705 128.01531 121.26011 120.0724 133.22837 145.27216 154.815 164.62219 174.54306 184.1554 192.57057 200.98573 209.4009 217.81607 226.23124 234.64641 243.06157 249.31595 251.65417 253.99239 256.33061 258.66883 261.00705 263.34527 270.24257 277.63116 285.01976
429.17894 439.16653 449.15413 459.14172 469.01228 462.67854 452.6403 445.93039 439.22048 432.51057 425.80065 419.09074 412.38083 405.67092 393.77704 378.0647 359.3551 342.04702 320.5314 304.72832 288.92523 273.12214 263.17317 254.60025 245.97977 235.16099 224.22151 207.58582 141.10533 91.596809 78.11808 86.162768 94.207457 102.25215 108.64979 104.85639 115.9762 125.51904 135.06188 144.60472 154.40376 164.32462 174.24548 184.16634 194.0872 204.00806 212.94762 221.36279 229.77796 238.19313 245.30354 247.64176 249.97998 252.3182 257.52037 264.90897 272.29756 279.68616 287.07475 294.46335
439.15063 449.13822 459.12582 464.93719 462.60669 451.32837 439.93714 428.12397 418.00663 411.29672 404.5868 397.87689 391.16698 382.18114 369.53278 358.55864 343.15677 329.28474 315.4127 296.14803 280.34494 265.56688 256.99396 246.87329 236.05451 225.19691 214.1985 203.03505 172.74096 101.914 48.664561 58.170395 67.694496 77.221222 86.747948 96.506924 106.35063 116.19772 126.21471 136.18886 146.02133 155.76525 165.50916 175.25308 184.99699 194.7409 204.48482 213.71357 223.55221 233.32468 241.29114 244.79817 252.18677 259.57511 267.3145 275.13151 282.94852 290.76553 298.58254 306.39955
449.12232 458.80726 460.86211 461.2312 451.25652 439.97819 428.69987 417.16751 405.35434 393.54118 383.37295 376.66304 369.95313 357.84072 345.28853 336.04861 328.13884 313.0864 299.21437 285.34234 271.4703 258.58558 247.76681 236.94804 226.12926 215.17422 215.6511 193.95888 174.09719 92.00728 38.784541 48.309871 57.8352 67.36053 80.924079 93.90029 104.09116 114.28203 124.4729 134.66377 144.87242 155.14876 165.4251 175.70144 185.97778 196.25412 206.53046 216.8068 227.08314 237.35948 244.24823 257.89124 265.70825 273.52526 281.34227 289.15928 296.97629 304.7933 312.61031 320.42732
