output interpolation.tif
NCOLS 646
NROWS 694
XLLCORNER 694515.75
YLLCORNER 9191512.1
DX 10.012262
DY 10.002678
NODATA_VALUE -9999
[rows 54 to 80 of 694, columns 420 to 479 of 646]
2386.8169 2333.7016 2301.1845 2268.6674 2236.1503 2203.6333 2171.1162 2138.5991 2106.0821 2073.565 2041.0479 2008.5309 1976.0138 1943.4967 1910.9796 1878.4626 -9999 -9999 -9999 -9999 -9999 -9999 -9999 -9999 -9999 -9999 -9999 -9999 -9999 -9999 -9999 -9999 -9999 -9999 -9999 -9999 -9999 -9999 -9999 -9999 -9999 -9999 -9999 -9999 -9999 -9999 -9999 -9999 -9999 -9999 -9999 -9999 -9999 -9999 -9999 -9999 -9999 -9999 -9999 -9999
2479.9959 2441.8216 2403.6473 2352.8025 2320.2855 2287.7684 2255.2513 2222.7342 2190.2172 2157.7001 2125.183 2092.666 2060.1489 2027.6318 1995.1148 1962.5977 1930.0806 1897.5635 -9999 -9999 -9999 -9999 -9999 -9999 -9999 -9999 -9999 -9999 -9999 -9999 -9999 -9999 -9999 -9999 -9999 -9999 -9999 -9999 -9999 -9999 -9999 -9999 -9999 -9999 -9999 -9999 -9999 -9999 -9999 -9999 -9999 -9999 -9999 -9999 -9999 -9999 -9999 -9999 -9999 -9999
2573.175 2535.0007 2496.8263 2458.652 2404.4206 2371.9035 2339.3864 2306.8693 2274.3523 2241.8352 2209.3181 2176.8011 2144.284 2111.7669 2079.2499 2046.7328 2014.2157 1981.6987 1949.1816 -9999 -9999 -9999 -9999 -9999 -9999 -9999 -9999 -9999 -9999 -9999 -9999 -9999 -9999 -9999 -9999 -9999 -9999 -9999 -9999 -9999 -9999 -9999 -9999 -9999 -9999 -9999 -9999 -9999 -9999 -9999 -9999 -9999 -9999 -9999 -9999 -9999 -9999 -9999 -9999 -9999
2666.354 2628.1797 2590.0054 2551.8311 2513.6567 2475.4824 2423.5215 2391.0045 2358.4874 2325.9703 2293.4532 2260.9362 2228.4191 2195.902 2163.385 2130.8679 2098.3508 2065.8338 2033.3167 2000.7996 1968.2826 -9999 -9999 -9999 -9999 -9999 -9999 -9999 -9999 -9999 -9999 -9999 -9999 -9999 -9999 -9999 -9999 -9999 -9999 -9999 -9999 -9999 -9999 -9999 -9999 -9999 -9999 -9999 -9999 -9999 -9999 -9999 -9999 -9999 -9999 -9999 -9999 -9999 -9999 -9999
2759.5331 2721.3588 2683.1844 2645.0101 2606.8358 2568.6615 2530.4871 2478.2033 2442.6225 2410.1054 2377.5884 2345.0713 2312.5542 2280.0371 2247.5201 2215.003 2182.4859 2149.9689 2117.4518 2084.9347 2052.4177 2019.9006 1987.3835 -9999 -9999 -9999 -9999 -9999 -9999 -9999 -9999 -9999 -9999 -9999 -9999 -9999 -9999 -9999 -9999 -9999 -9999 -9999 -9999 -9999 -9999 -9999 -9999 -9999 -9999 -9999 -9999 -9999 -9999 -9999 -9999 -9999 -9999 -9999 -9999 -9999
2768.5237 2790.0541 2776.3635 2738.1892 2700.0148 2661.8405 2623.6662 2585.4919 2547.3175 2494.2405 2461.7235 2429.2064 2396.6893 2364.1723 2331.6552 2299.1381 2266.621 2234.104 2201.5869 2169.0698 2136.5528 2104.0357 2071.5186 2039.0016 2006.4845 -9999 -9999 -9999 -9999 -9999 -9999 -9999 -9999 -9999 -9999 -9999 -9999 -9999 -9999 -9999 -9999 -9999 -9999 -9999 -9999 -9999 -9999 -9999 -9999 -9999 -9999 -9999 -9999 -9999 -9999 -9999 -9999 -9999 -9999 -9999
2777.157 2798.6874 2820.2178 2831.3682 2793.1939 2755.0196 2716.8452 2678.6709 2640.4966 2602.3223 2554.278 2513.3415 2480.8244 2448.3074 2415.7903 2383.2732 2350.7561 2318.2391 2285.722 2253.2049 2220.6879 2188.1708 2155.6537 2123.1367 2090.6196 2058.1025 2025.5855 -9999 -9999 -9999 -9999 -9999 -9999 -9999 -9999 -9999 -9999 -9999 -9999 -9999 -9999 -9999 -9999 -9999 -9999 -9999 -9999 -9999 -9999 -9999 -9999 -9999 -9999 -9999 -9999 -9999 -9999 -9999 -9999 -9999
2785.7904 2807.3207 2828.8511 2850.3814 2871.9118 2848.1986 2810.0243 2771.85 2733.6756 2695.5013 2657.327 2619.1527 2564.9595 2532.4425 2499.9254 2467.4083 2434.8913 2402.3742 2369.8571 2337.34 2304.823 2272.3059 2239.7888 2207.2718 2174.7547 2142.2376 2109.7206 2077.2035 2044.6864 -9999 -9999 -9999 -9999 -9999 -9999 -9999 -9999 -9999 -9999 -9999 -9999 -9999 -9999 -9999 -9999 -9999 -9999 -9999 -9999 -9999 -9999 -9999 -9999 -9999 -9999 -9999 -9999 -9999 -9999 -9999
2794.4237 2815.954 2837.4844 2859.0147 2880.5451 2902.0754 2903.2033 2865.029 2826.8547 2788.6804 2750.506 2712.3317 2674.1574 2630.3526 2584.0605 2551.5434 2519.0264 2486.5093 2453.9922 2421.4752 2388.9581 2356.441 2323.9239 2291.4069 2258.8898 2226.3727 2193.8557 2161.3386 2128.8215 2096.3045 -9999 -9999 -9999 -9999 -9999 -9999 -9999 -9999 -9999 -9999 -9999 -9999 -9999 -9999 -9999 -9999 -9999 -9999 -9999 -9999 -9999 -9999 -9999 -9999 -9999 -9999 -9999 -9999 -9999 -9999
2803.057 2824.5873 2846.1177 2867.648 2889.1784 2910.7087 2932.2391 2953.7694 2920.0337 2881.8594 2843.6851 2805.5108 2767.3364 2729.1621 2690.9878 2635.6785 2603.1615 2570.6444 2538.1273 2505.6103 2473.0932 2440.5761 2408.0591 2375.542 2343.0249 2310.5078 2277.9908 2245.4737 2212.9566 2180.4396 2147.9225 2115.4054 -9999 -9999 -9999 -9999 -9999 -9999 -9999 -9999 -9999 -9999 -9999 -9999 -9999 -9999 -9999 -9999 -9999 -9999 -9999 -9999 -9999 -9999 -9999 -9999 -9999 -9999 -9999 -9999
2811.6903 2833.2206 2854.751 2876.2813 2897.8117 2919.342 2940.8724 2962.4027 2983.9331 2975.0385 2936.8641 2898.6898 2860.5155 2822.3412 2784.1668 2745.9925 2706.4273 2654.7795 2622.2624 2589.7454 2557.2283 2524.7112 2492.1942 2459.6771 2427.16 2394.6429 2362.1259 2329.6088 2297.0917 2264.5747 2232.0576 2199.5405 2167.0235 2134.5064 -9999 -9999 -9999 -9999 -9999 -9999 -9999 -9999 -9999 -9999 -9999 -9999 -9999 -9999 -9999 -9999 -9999 -9999 -9999 -9999 -9999 -9999 -9999 -9999 -9999 -9999
2820.3236 2841.8539 2863.3843 2884.9146 2906.445 2927.9753 2949.5057 2971.036 2992.5664 3014.0968 3030.0432 2991.8689 2953.6945 2915.5202 2877.3459 2839.1716 2800.9972 2762.8229 2706.3975 2673.8805 2641.3634 2608.8463 2576.3293 2543.8122 2511.2951 2478.7781 2446.261 2413.7439 2381.2268 2348.7098 2316.1927 2283.6756 2251.1586 2218.6415 2186.1244 2153.6074 -9999 -9999 -9999 -9999 -9999 -9999 -9999 -9999 -9999 -9999 -9999 -9999 -9999 -9999 -9999 -9999 -9999 -9999 -9999 -9999 -9999 -9999 -9999 -9999
2837.2031 2850.4872 2872.0176 2893.5479 2915.0783 2936.6086 2958.139 2979.6694 3001.1997 3022.7301 3044.2604 3065.7908 3046.8736 3008.6993 2970.5249 2932.3506 2894.1763 2856.002 2817.8276 2779.6533 2725.4985 2692.9814 2660.4644 2627.9473 2595.4302 2562.9132 2530.3961 2497.879 2465.362 2432.8449 2400.3278 2367.8107 2335.2937 2302.7766 2270.2595 2237.7425 2205.2254 2172.7083 -9999 -9999 -9999 -9999 -9999 -9999 -9999 -9999 -9999 -9999 -9999 -9999 -9999 -9999 -9999 -9999 -9999 -9999 -9999 -9999 -9999 -9999
2935.2426 2884.5635 2880.6509 2902.1812 2923.7116 2945.242 2966.7723 2988.3027 3009.833 3031.3634 3052.8937 3074.4241 3095.9544 3101.8783 3063.704 3025.5297 2987.3553 2949.181 2911.0067 2872.8324 2834.658 2777.1165 2744.5995 2712.0824 2679.5653 2647.0483 2614.5312 2582.0141 2549.4971 2516.98 2484.4629 2451.9459 2419.4288 2386.9117 2354.3946 2321.8776 2289.3605 2256.8434 2224.3264 2191.8093 -9999 -9999 -9999 -9999 -9999 -9999 -9999 -9999 -9999 -9999 -9999 -9999 -9999 -9999 -9999 -9999 -9999 -9999 -9999 -9999
3495.2283 2982.603 2931.9239 2910.8146 2932.3449 2953.8753 2975.4056 2996.936 3018.4663 3039.9967 3061.527 3083.0574 3104.5877 3126.1181 3147.6484 3118.7087 3080.5344 3042.3601 3004.1857 2966.0114 2927.8371 2889.6628 2851.4884 2796.2175 2763.7004 2731.1834 2698.6663 2666.1492 2633.6322 2601.1151 2568.598 2536.081 2503.5639 2471.0468 2438.5297 2406.0127 2373.4956 2340.9785 2308.4615 2275.9444 2243.4273 -9999 -9999 -9999 -9999 -9999 -9999 -9999 -9999 -9999 -9999 -9999 -9999 -9999 -9999 -9999 -9999 -9999 -9999 -9999
3217.263 3461.9445 3117.7493 2979.2844 2940.9782 2962.5086 2984.0389 3005.5693 3027.0996 3048.63 3070.1603 3091.6907 3113.221 3134.7514 3156.2817 3177.8121 3173.7135 3135.5391 3097.3648 3059.1905 3021.0161 2982.8418 2944.6675 2906.4932 2850.1819 2815.3185 2782.8014 2750.2843 2717.7673 2685.2502 2652.7331 2620.2161 2587.699 2555.1819 2522.6649 2490.1478 2457.6307 2425.1136 2392.5966 2360.0795 2327.5624 2295.0454 2262.5283 -9999 -9999 -9999 -9999 -9999 -9999 -9999 -9999 -9999 -9999 -9999 -9999 -9999 -9999 -9999 -9999 -9999
2951.0003 3021.566 3012.3915 3003.217 2994.0424 2996.5863 2992.6722 3014.2026 3035.7329 3057.2633 3078.7936 3100.324 3121.8543 3143.3847 3164.915 3186.4454 3207.9757 3228.7182 3190.5439 3152.3695 3114.1952 3076.0209 3037.8466 2999.6722 2961.4979 2923.3236 2866.9365 2834.4195 2801.9024 2769.3853 2736.8682 2704.3512 2671.8341 2639.317 2606.8 2574.2829 2541.7658 2509.2488 2476.7317 2444.2146 2411.6975 2379.1805 2346.6634 2314.1463 2281.6293 -9999 -9999 -9999 -9999 -9999 -9999 -9999 -9999 -9999 -9999 -9999 -9999 -9999 -9999 -9999
2857.4572 2986.7986 3092.8702 3083.6956 3074.5211 3065.3466 3097.8466 3178.3398 3258.8331 3067.365 3087.4269 3108.9573 3130.4876 3152.018 3173.5483 3195.0787 3216.6091 3238.1394 3259.6698 3245.5486 3207.3743 3169.1999 3131.0256 3092.8513 3054.677 3016.5026 2978.3283 2926.2566 2886.0375 2853.5204 2821.0033 2788.4863 2755.9692 2723.4521 2690.9351 2658.418 2625.9009 2593.3839 2560.8668 2528.3497 2495.8327 2463.3156 2430.7985 2398.2814 2365.7644 2333.2473 2300.7302 -9999 -9999 -9999 -9999 -9999 -9999 -9999 -9999 -9999 -9999 -9999 -9999 -9999
2774.5137 2903.8551 3033.1965 3162.5379 3154.9998 3145.8252 3136.6507 3199.1068 3279.6001 3360.0933 3440.5866 3521.0799 3222.3017 3160.6513 3182.1817 3203.712 3225.2424 3246.7727 3268.3031 3289.8334 3300.5533 3262.379 3224.2047 3186.0303 3147.856 3109.6817 3071.5074 3033.333 2995.1587 2937.6555 2905.1385 2872.6214 2840.1043 2807.5872 2775.0702 2742.5531 2710.036 2677.519 2645.0019 2612.4848 2579.9678 2547.4507 2514.9336 2482.4165 2449.8995 2417.3824 2384.8653 2352.3483 2319.8312 -9999 -9999 -9999 -9999 -9999 -9999 -9999 -9999 -9999 -9999 -9999
2691.5702 2820.9116 2950.253 3079.5944 3208.9357 3226.3039 3217.1294 3219.8738 3300.3671 3380.8603 3461.3536 3541.8469 3608.4108 3599.5017 3590.5926 3377.2383 3233.8757 3255.406 3276.9364 3298.4667 3319.9971 3341.5274 3317.3837 3279.2094 3241.0351 3202.8607 3164.6864 3126.5121 3088.3378 3050.1634 3002.3313 2956.7565 2924.2394 2891.7224 2859.2053 2826.6882 2794.1711 2761.6541 2729.137 2696.6199 2664.1029 2631.5858 2599.0687 2566.5517 2534.0346 2501.5175 2469.0004 2436.4834 2403.9663 2371.4492 2338.9322 -9999 -9999 -9999 -9999 -9999 -9999 -9999 -9999 -9999
2608.6267 2737.9681 2867.3095 2996.6508 3125.9922 3255.3336 3297.608 3288.4335 3321.1341 3401.6273 3482.1206 3562.6139 3603.246 3594.3369 3585.4278 3576.5187 3567.6096 3558.7005 3532.1749 3307.1 3328.6304 3350.1607 3371.6911 3372.3884 3334.2141 3296.0398 3257.8655 3219.6911 3181.5168 3143.3425 3105.1682 3066.9938 3008.3745 2975.8575 2943.3404 2910.8233 2878.3063 2845.7892 2813.2721 2780.755 2748.238 2715.7209 2683.2038 2650.6868 2618.1697 2585.6526 2553.1356 2520.6185 2488.1014 2455.5843 2423.0673 2390.5502 -9999 -9999 -9999 -9999 -9999 -9999 -9999 -9999
2525.6832 2655.0246 2784.366 2913.7073 3043.0487 3172.3901 3301.7315 3368.9121 3359.7376 3422.3943 3502.8876 3583.3808 3598.0812 3589.1721 3580.263 3571.3539 3562.4448 3553.5357 3544.6266 3535.7175 3526.8085 3517.8035 3380.3244 3401.8547 3423.3851 3389.2188 3351.0445 3312.8702 3274.6959 3236.5215 3198.3472 3160.1729 3121.9986 3078.4059 3027.4755 2994.9584 2962.4414 2929.9243 2897.4072 2864.8901 2832.3731 2799.856 2767.3389 2734.8219 2702.3048 2669.7877 2637.2707 2604.7536 2572.2365 2539.7195 2507.2024 2474.6853 2442.1682 2409.6512 -9999 -9999 -9999 -9999 -9999 -9999
2442.7397 2572.0811 2701.4224 2830.7638 2960.1052 3089.4466 3218.788 3348.1293 3440.2163 3443.1613 3523.6546 3601.8254 3592.9164 3584.0073 3575.0982 3566.1891 3557.28 3548.3709 3539.4618 3530.5527 3521.6436 3512.7346 3503.8255 3494.9164 3486.0073 3476.3676 3444.2236 3406.0492 3367.8749 3329.7006 3291.5263 3253.3519 3215.1776 3177.0033 3138.829 3079.0935 3046.5765 3014.0594 2981.5423 2949.0253 2916.5082 2883.9911 2851.474 2818.957 2786.4399 2753.9228 2721.4058 2688.8887 2656.3716 2623.8546 2591.3375 2558.8204 2526.3033 2493.7863 2461.2692 2428.7521 -9999 -9999 -9999 -9999
2359.7962 2489.1376 2618.4789 2747.8203 2877.1617 3006.5031 3135.8444 3265.1858 3394.5272 3511.5204 3544.4216 3596.6606 3587.7515 3578.8424 3569.9334 3561.0243 3552.1152 3543.2061 3534.297 3525.4059 3516.5213 3507.6367 3498.7521 3489.8674 3480.9828 3471.4869 3462.4338 3453.651 3444.4078 3422.8796 3384.7053 3346.531 3308.3567 3270.1823 3232.008 3193.8337 3154.4806 3098.1945 3065.6774 3033.1604 3000.6433 2968.1262 2935.6092 2903.0921 2870.575 2838.0579 2805.5409 2773.0238 2740.5067 2707.9897 2675.4726 2642.9555 2610.4385 2577.9214 2545.4043 2512.8872 2480.3702 2447.8531 -9999 -9999
2276.8527 2406.194 2535.5354 2664.8768 2794.2182 2923.5596 3052.9009 3182.2423 3311.5837 3440.9251 3570.2665 3591.4958 3582.5943 3573.7097 3564.825 3555.9404 3547.0558 3538.1711 3529.2865 3520.4019 3511.5173 3502.6326 3493.748 3484.8634 3475.9716 3466.4151 3457.6323 3448.8495 3440.0544 3431.2505 3421.9547 3412.4972 3401.5357 3363.3614 3325.1871 3287.0127 3248.8384 3210.6641 3149.8125 3117.2955 3084.7784 3052.2613 3019.7443 2987.2272 2954.7101 2922.1931 2889.676 2857.1589 2824.6418 2792.1248 2759.6077 2727.0906 2694.5736 2662.0565 2629.5394 2597.0224 2564.5053 2531.9882 2499.4711 2466.9541
2193.9092 2323.2505 2452.5919 2581.9333 2711.2747 2840.6161 2969.9574 3099.2988 3228.6402 3357.9816 3567.1318 3582.8469 3576.0739 3568.7056 3559.821 3550.9363 3542.0517 3533.1671 3524.2825 3515.3978 3506.5132 3497.6286 3488.7439 3479.8593 3470.7736 3461.6136 3452.8308 3444.0352 3435.2313 3426.4275 3417.6236 3408.7753 3399.7594 3390.1103 3380.5706 3370.9098 3342.0175 3303.8431 3265.6688 3227.4945 3168.9135 3136.3964 3103.8794 3071.3623 3038.8452 3006.3282 2973.8111 2941.294 2908.7769 2876.2599 2843.7428 2811.2257 2778.7087 2746.1916 2713.6745 2681.1575 2648.6404 2616.1233 2583.6063 2551.0892
2110.9657 2240.307 2369.6484 2498.9898 2628.3312 2757.6725 2887.0139 3016.3553 3198.1383 3408.4889 3578.273 3571.5001 3564.7271 3557.9542 3551.1812 3544.4082 3537.0477 3528.163 3519.2784 3510.3938 3501.5091 3492.6245 3483.7399 3474.8553 3465.5948 3456.812 3448.016 3439.2121 3430.4083 3421.4093 3412.1717 3402.9341 3393.7338 3385.1631 3376.5908 3367.5423 3358.2834 3348.6439 3338.9886 3320.6735 3282.4992 3222.1605 3188.0145 3155.4974 3122.9803 3090.4633 3057.9462 3025.4291 2992.9121 2960.395 2927.8779 2895.3608 2862.8438 2830.3267 2797.8096 2765.2926 2732.7755 2700.2584 2667.7414 2635.2243
